# X Y Z
-2 -2 0,000277367817334566
-2 -1,9 0,000426337795426949
-2 -1,8 0,00063519186179929
-2 -1,7 0,000917871497957821
-2 -1,6 0,00128691226354362
-2 -1,5 0,0017509597859306
-2 -1,4 0,00231177373270794
-2 -1,3 0,00296106748330755
-2 -1,2 0,00367771529432547
-2 -1,1 0,00442599048416185
-2 -1 0,00515552263600464
-2 -0,9 0,00580353422937155
-2 -0,8 0,00629962004490904
-2 -0,7 0,00657289027961225
-2 -0,6 0,0065607813513696
-2 -0,5 0,00621835595875952
-2 -0,4 0,00552659094479405
-2 -0,3 0,0044980959259674
-2 -0,2 0,00317897479166552
-2 -0,1 0,00164611822829925
-2 0 0
-2 0,1 -0,00164611822829925
-2 0,2 -0,00317897479166552
-2 0,3 -0,0044980959259674
-2 0,4 -0,00552659094479405
-2 0,5 -0,00621835595875952
-2 0,6 -0,0065607813513696
-2 0,7 -0,00657289027961225
-2 0,8 -0,00629962004490904
-2 0,9 -0,00580353422937155
-2 1 -0,00515552263600464
-2 1,1 -0,00442599048416185
-2 1,2 -0,00367771529432547
-2 1,3 -0,00296106748330755
-2 1,4 -0,00231177373270794
-2 1,5 -0,0017509597859306
-2 1,6 -0,00128691226354362
-2 1,7 -0,000917871497957821
-2 1,8 -0,00063519186179929
-2 1,9 -0,000426337795426949
-2 2 -0,000277367817334566

-1,9 -2 0,000426337795426949
-1,9 -1,9 0,000655317251857898
-1,9 -1,8 0,000976343617060652
-1,9 -1,7 0,00141084612730159
-1,9 -1,6 0,00197809299802541
-1,9 -1,5 0,00269137328976581
-1,9 -1,4 0,00355339176044274
-1,9 -1,3 0,00455141117334827
-1,9 -1,2 0,00565295947402364
-1,9 -1,1 0,00680312173103386
-1,9 -1 0,00792447435333382
-1,9 -0,9 0,00892052298212594
-1,9 -0,8 0,00968304884028534
-1,9 -0,7 0,0101030883046282
-1,9 -0,6 0,010084475857728
-1,9 -0,5 0,00955813906643583
-1,9 -0,4 0,00849483772945424
-1,9 -0,3 0,00691395389387485
-1,9 -0,2 0,00488635313721963
-1,9 -0,1 0,0025302229480311
-1,9 0 0
-1,9 0,1 -0,0025302229480311
-1,9 0,2 -0,00488635313721963
-1,9 0,3 -0,00691395389387485
-1,9 0,4 -0,00849483772945424
-1,9 0,5 -0,00955813906643583
-1,9 0,6 -0,010084475857728
-1,9 0,7 -0,0101030883046282
-1,9 0,8 -0,00968304884028534
-1,9 0,9 -0,00892052298212594
-1,9 1 -0,00792447435333382
-1,9 1,1 -0,00680312173103386
-1,9 1,2 -0,00565295947402364
-1,9 1,3 -0,00455141117334827
-1,9 1,4 -0,00355339176044274
-1,9 1,5 -0,00269137328976581
-1,9 1,6 -0,00197809299802541
-1,9 1,7 -0,00141084612730159
-1,9 1,8 -0,000976343617060652
-1,9 1,9 -0,000655317251857898
-1,9 2 -0,000426337795426949

-1,8 -2 0,00063519186179929
-1,8 -1,9 0,000976343617060652
-1,8 -1,8 0,00145463415753593
-1,8 -1,7 0,00210199045903396
-1,8 -1,6 0,0029471198371461
-1,8 -1,5 0,00400982138825209
-1,8 -1,4 0,00529412487522377
-1,8 -1,3 0,00678105335258398
-1,8 -1,2 0,00842222737814072
-1,8 -1,1 0,0101358303315687
-1,8 -1 0,011806510406224
-1,8 -0,9 0,0132905026531029
-1,8 -0,8 0,0144265741548785
-1,8 -0,7 0,0150523822634886
-1,8 -0,6 0,0150246519638858
-1,8 -0,5 0,0142404736668161
-1,8 -0,4 0,0126562830012556
-1,8 -0,3 0,0103009568782116
-1,8 -0,2 0,00728007645564505
-1,8 -0,1 0,00376972682780254
-1,8 0 0
-1,8 0,1 -0,00376972682780254
-1,8 0,2 -0,00728007645564505
-1,8 0,3 -0,0103009568782116
-1,8 0,4 -0,0126562830012556
-1,8 0,5 -0,0142404736668161
-1,8 0,6 -0,0150246519638858
-1,8 0,7 -0,0150523822634886
-1,8 0,8 -0,0144265741548785
-1,8 0,9 -0,0132905026531029
-1,8 1 -0,011806510406224
-1,8 1,1 -0,0101358303315687
-1,8 1,2 -0,00842222737814072
-1,8 1,3 -0,00678105335258398
-1,8 1,4 -0,00529412487522377
-1,8 1,5 -0,00400982138825209
-1,8 1,6 -0,0029471198371461
-1,8 1,7 -0,00210199045903396
-1,8 1,8 -0,00145463415753593
-1,8 1,9 -0,000976343617060652
-1,8 2 -0,00063519186179929

-1,7 -2 0,000917871497957821
-1,7 -1,9 0,00141084612730159
-1,7 -1,8 0,00210199045903396
-1,7 -1,7 0,00303743994115621
-1,7 -1,6 0,0042586775150423
-1,7 -1,5 0,00579431347522715
-1,7 -1,4 0,00765017095123436
-1,7 -1,3 0,00979882768150902
-1,7 -1,2 0,0121703739053227
-1,7 -1,1 0,0146465821258003
-1,7 -1 0,0170607654851214
-1,7 -0,9 0,0192051792733305
-1,7 -0,8 0,0208468370366528
-1,7 -0,7 0,0217511487267568
-1,7 -0,6 0,0217110776031075
-1,7 -0,5 0,0205779161892342
-1,7 -0,4 0,0182887126482286
-1,7 -0,3 0,0148851949919828
-1,7 -0,2 0,0105199311947448
-1,7 -0,1 0,00544736955622431
-1,7 0 0
-1,7 0,1 -0,00544736955622431
-1,7 0,2 -0,0105199311947448
-1,7 0,3 -0,0148851949919828
-1,7 0,4 -0,0182887126482286
-1,7 0,5 -0,0205779161892342
-1,7 0,6 -0,0217110776031075
-1,7 0,7 -0,0217511487267568
-1,7 0,8 -0,0208468370366528
-1,7 0,9 -0,0192051792733305
-1,7 1 -0,0170607654851214
-1,7 1,1 -0,0146465821258003
-1,7 1,2 -0,0121703739053227
-1,7 1,3 -0,00979882768150902
-1,7 1,4 -0,00765017095123436
-1,7 1,5 -0,00579431347522715
-1,7 1,6 -0,0042586775150423
-1,7 1,7 -0,00303743994115621
-1,7 1,8 -0,00210199045903396
-1,7 1,9 -0,00141084612730159
-1,7 2 -0,000917871497957821

-1,6 -2 0,00128691226354362
-1,6 -1,9 0,00197809299802541
-1,6 -1,8 0,0029471198371461
-1,6 -1,7 0,0042586775150423
-1,6 -1,6 0,0059709276655601
-1,6 -1,5 0,00812398368036982
-1,6 -1,4 0,010726009945023
-1,6 -1,3 0,0137385587631182
-1,6 -1,2 0,0170636123526202
-1,6 -1,1 0,0205354084952287
-1,6 -1 0,0239202419697028
-1,6 -0,9 0,0269268419221998
-1,6 -0,8 0,0292285470223815
-1,6 -0,7 0,0304964476017656
-1,6 -0,6 0,0304402654231567
-1,6 -0,5 0,0288515034631954
-1,6 -0,4 0,0256418993767606
-1,6 -0,3 0,0208699584016293
-1,6 -0,2 0,0147495902163577
-1,6 -0,1 0,00763754697858745
-1,6 0 0
-1,6 0,1 -0,00763754697858745
-1,6 0,2 -0,0147495902163577
-1,6 0,3 -0,0208699584016293
-1,6 0,4 -0,0256418993767606
-1,6 0,5 -0,0288515034631954
-1,6 0,6 -0,0304402654231567
-1,6 0,7 -0,0304964476017656
-1,6 0,8 -0,0292285470223815
-1,6 0,9 -0,0269268419221998
-1,6 1 -0,0239202419697028
-1,6 1,1 -0,0205354084952287
-1,6 1,2 -0,0170636123526202
-1,6 1,3 -0,0137385587631182
-1,6 1,4 -0,010726009945023
-1,6 1,5 -0,00812398368036982
-1,6 1,6 -0,0059709276655601
-1,6 1,7 -0,0042586775150423
-1,6 1,8 -0,0029471198371461
-1,6 1,9 -0,00197809299802541
-1,6 2 -0,00128691226354362

-1,5 -2 0,0017509597859306
-1,5 -1,9 0,00269137328976581
-1,5 -1,8 0,00400982138825209
-1,5 -1,7 0,00579431347522715
-1,5 -1,6 0,00812398368036982
-1,5 -1,5 0,0110534098779312
-1,5 -1,4 0,0145937004481659
-1,5 -1,3 0,0186925438449276
-1,5 -1,2 0,0232165780671603
-1,5 -1,1 0,0279402687202568
-1,5 -1 0,0325456388482531
-1,5 -0,9 0,0366363882787598
-1,5 -0,8 0,0397680649156675
-1,5 -0,7 0,0414931575967696
-1,5 -0,6 0,0414167166938293
-1,5 -0,5 0,0392550632694938
-1,5 -0,4 0,0348881084713235
-1,5 -0,3 0,0283954539330244
-1,5 -0,2 0,0200681429957654
-1,5 -0,1 0,0103915690303848
-1,5 0 0
-1,5 0,1 -0,0103915690303848
-1,5 0,2 -0,0200681429957654
-1,5 0,3 -0,0283954539330244
-1,5 0,4 -0,0348881084713235
-1,5 0,5 -0,0392550632694938
-1,5 0,6 -0,0414167166938293
-1,5 0,7 -0,0414931575967696
-1,5 0,8 -0,0397680649156675
-1,5 0,9 -0,0366363882787598
-1,5 1 -0,0325456388482531
-1,5 1,1 -0,0279402687202568
-1,5 1,2 -0,0232165780671603
-1,5 1,3 -0,0186925438449276
-1,5 1,4 -0,0145937004481659
-1,5 1,5 -0,0110534098779312
-1,5 1,6 -0,00812398368036982
-1,5 1,7 -0,00579431347522715
-1,5 1,8 -0,00400982138825209
-1,5 1,9 -0,00269137328976581
-1,5 2 -0,0017509597859306

-1,4 -2 0,00231177373270794
-1,4 -1,9 0,00355339176044274
-1,4 -1,8 0,00529412487522377
-1,4 -1,7 0,00765017095123436
-1,4 -1,6 0,010726009945023
-1,4 -1,5 0,0145937004481659
-1,4 -1,4 0,0192679087379198
-1,4 -1,3 0,0246795684317948
-1,4 -1,2 0,0306526030867689
-1,4 -1,1 0,0368892420210337
-1,4 -1 0,0429696636142922
-1,4 -0,9 0,0483706369299124
-1,4 -0,8 0,0525053565543786
-1,4 -0,7 0,0547829782214799
-1,4 -0,6 0,0546820541037808
-1,4 -0,5 0,0518280458931115
-1,4 -0,4 0,0460624015445368
-1,4 -0,3 0,0374902182552386
-1,4 -0,2 0,0264957574780512
-1,4 -0,1 0,0137198789595829
-1,4 0 0
-1,4 0,1 -0,0137198789595829
-1,4 0,2 -0,0264957574780512
-1,4 0,3 -0,0374902182552386
-1,4 0,4 -0,0460624015445368
-1,4 0,5 -0,0518280458931115
-1,4 0,6 -0,0546820541037808
-1,4 0,7 -0,0547829782214799
-1,4 0,8 -0,0525053565543786
-1,4 0,9 -0,0483706369299124
-1,4 1 -0,0429696636142922
-1,4 1,1 -0,0368892420210337
-1,4 1,2 -0,0306526030867689
-1,4 1,3 -0,0246795684317948
-1,4 1,4 -0,0192679087379198
-1,4 1,5 -0,0145937004481659
-1,4 1,6 -0,010726009945023
-1,4 1,7 -0,00765017095123436
-1,4 1,8 -0,00529412487522377
-1,4 1,9 -0,00355339176044274
-1,4 2 -0,00231177373270794

-1,3 -2 0,00296106748330755
-1,3 -1,9 0,00455141117334827
-1,3 -1,8 0,00678105335258398
-1,3 -1,7 0,00979882768150902
-1,3 -1,6 0,0137385587631182
-1,3 -1,5 0,0186925438449276
-1,3 -1,4 0,0246795684317948
-1,3 -1,3 0,0316111678887579
-1,3 -1,2 0,039261812259042
-1,3 -1,1 0,0472500978304632
-1,3 -1 0,0550382902516604
-1,3 -0,9 0,0619562019126609
-1,3 -0,8 0,0672522149520768
-1,3 -0,7 0,0701695382879686
-1,3 -0,6 0,0700402682305349
-1,3 -0,5 0,066384672187489
-1,3 -0,4 0,058999666570662
-1,3 -0,3 0,0480198665842855
-1,3 -0,2 0,0339374588454898
-1,3 -0,1 0,0175732974587218
-1,3 0 0
-1,3 0,1 -0,0175732974587218
-1,3 0,2 -0,0339374588454898
-1,3 0,3 -0,0480198665842855
-1,3 0,4 -0,058999666570662
-1,3 0,5 -0,066384672187489
-1,3 0,6 -0,0700402682305349
-1,3 0,7 -0,0701695382879686
-1,3 0,8 -0,0672522149520768
-1,3 0,9 -0,0619562019126609
-1,3 1 -0,0550382902516604
-1,3 1,1 -0,0472500978304632
-1,3 1,2 -0,039261812259042
-1,3 1,3 -0,0316111678887579
-1,3 1,4 -0,0246795684317948
-1,3 1,5 -0,0186925438449276
-1,3 1,6 -0,0137385587631182
-1,3 1,7 -0,00979882768150902
-1,3 1,8 -0,00678105335258398
-1,3 1,9 -0,00455141117334827
-1,3 2 -0,00296106748330755

-1,2 -2 0,00367771529432547
-1,2 -1,9 0,00565295947402364
-1,2 -1,8 0,00842222737814072
-1,2 -1,7 0,0121703739053227
-1,2 -1,6 0,0170636123526202
-1,2 -1,5 0,0232165780671603
-1,2 -1,4 0,0306526030867689
-1,2 -1,3 0,039261812259042
-1,2 -1,2 0,048764092085711
-1,2 -1,1 0,0586857302067845
-1,2 -1 0,068358847940188
-1,2 -0,9 0,0769510565486976
-1,2 -0,8 0,0835288290121103
-1,2 -0,7 0,0871522130489098
-1,2 -0,6 0,0869916566043163
-1,2 -0,5 0,0824513205420089
-1,2 -0,4 0,0732789702802219
-1,2 -0,3 0,0596418010612937
-1,2 -0,2 0,0421511202126275
-1,2 -0,1 0,0218264477929021
-1,2 0 0
-1,2 0,1 -0,0218264477929021
-1,2 0,2 -0,0421511202126275
-1,2 0,3 -0,0596418010612937
-1,2 0,4 -0,0732789702802219
-1,2 0,5 -0,0824513205420089
-1,2 0,6 -0,0869916566043163
-1,2 0,7 -0,0871522130489098
-1,2 0,8 -0,0835288290121103
-1,2 0,9 -0,0769510565486976
-1,2 1 -0,068358847940188
-1,2 1,1 -0,0586857302067845
-1,2 1,2 -0,048764092085711
-1,2 1,3 -0,039261812259042
-1,2 1,4 -0,0306526030867689
-1,2 1,5 -0,0232165780671603
-1,2 1,6 -0,0170636123526202
-1,2 1,7 -0,0121703739053227
-1,2 1,8 -0,00842222737814072
-1,2 1,9 -0,00565295947402364
-1,2 2 -0,00367771529432547

-1,1 -2 0,00442599048416185
-1,1 -1,9 0,00680312173103386
-1,1 -1,8 0,0101358303315687
-1,1 -1,7 0,0146465821258003
-1,1 -1,6 0,0205354084952287
-1,1 -1,5 0,0279402687202568
-1,1 -1,4 0,0368892420210337
-1,1 -1,3 0,0472500978304632
-1,1 -1,2 0,0586857302067845
-1,1 -1,1 0,070626044341194
-1,1 -1 0,082267273640884
-1,1 -0,9 0,0926076699183982
-1,1 -0,8 0,100523768909249
-1,1 -0,7 0,104884373791329
-1,1 -0,6 0,104691150216617
-1,1 -0,5 0,0992270284457793
-1,1 -0,4 0,0881884537527607
-1,1 -0,3 0,0717766392528697
-1,1 -0,2 0,0507272700651147
-1,1 -0,1 0,0262672998052607
-1,1 0 0
-1,1 0,1 -0,0262672998052607
-1,1 0,2 -0,0507272700651147
-1,1 0,3 -0,0717766392528697
-1,1 0,4 -0,0881884537527607
-1,1 0,5 -0,0992270284457793
-1,1 0,6 -0,104691150216617
-1,1 0,7 -0,104884373791329
-1,1 0,8 -0,100523768909249
-1,1 0,9 -0,0926076699183982
-1,1 1 -0,082267273640884
-1,1 1,1 -0,070626044341194
-1,1 1,2 -0,0586857302067845
-1,1 1,3 -0,0472500978304632
-1,1 1,4 -0,0368892420210337
-1,1 1,5 -0,0279402687202568
-1,1 1,6 -0,0205354084952287
-1,1 1,7 -0,0146465821258003
-1,1 1,8 -0,0101358303315687
-1,1 1,9 -0,00680312173103386
-1,1 2 -0,00442599048416185

-1 -2 0,00515552263600464
-1 -1,9 0,00792447435333382
-1 -1,8 0,011806510406224
-1 -1,7 0,0170607654851214
-1 -1,6 0,0239202419697028
-1 -1,5 0,0325456388482531
-1 -1,4 0,0429696636142922
-1 -1,3 0,0550382902516604
-1 -1,2 0,068358847940188
-1 -1,1 0,082267273640884
-1 -1 0,0958273166143703
-1 -0,9 0,107872111393019
-1 -0,8 0,117093014077339
-1 -0,7 0,12217237365949
-1 -0,6 0,121947301211458
-1 -0,5 0,115582533014091
-1 -0,4 0,102724479680553
-1 -0,3 0,0836075201084812
-1 -0,2 0,0590886017535001
-1 -0,1 0,0305969159259019
-1 0 0
-1 0,1 -0,0305969159259019
-1 0,2 -0,0590886017535001
-1 0,3 -0,0836075201084812
-1 0,4 -0,102724479680553
-1 0,5 -0,115582533014091
-1 0,6 -0,121947301211458
-1 0,7 -0,12217237365949
-1 0,8 -0,117093014077339
-1 0,9 -0,107872111393019
-1 1 -0,0958273166143703
-1 1,1 -0,082267273640884
-1 1,2 -0,068358847940188
-1 1,3 -0,0550382902516604
-1 1,4 -0,0429696636142922
-1 1,5 -0,0325456388482531
-1 1,6 -0,0239202419697028
-1 1,7 -0,0170607654851214
-1 1,8 -0,011806510406224
-1 1,9 -0,00792447435333382
-1 2 -0,00515552263600464

-0,9 -2 0,00580353422937155
-0,9 -1,9 0,00892052298212594
-0,9 -1,8 0,0132905026531029
-0,9 -1,7 0,0192051792733305
-0,9 -1,6 0,0269268419221998
-0,9 -1,5 0,0366363882787598
-0,9 -1,4 0,0483706369299124
-0,9 -1,3 0,0619562019126609
-0,9 -1,2 0,0769510565486976
-0,9 -1,1 0,0926076699183982
-0,9 -1 0,107872111393019
-0,9 -0,9 0,121430849026225
-0,9 -0,8 0,131810751924998
-0,9 -0,7 0,137528549960145
-0,9 -0,6 0,137275187546969
-0,9 -0,5 0,130110414408845
-0,9 -0,4 0,115636197551929
-0,9 -0,3 0,0941163755918389
-0,9 -0,2 0,0665156080291975
-0,9 -0,1 0,0344427250981456
-0,9 0 0
-0,9 0,1 -0,0344427250981456
-0,9 0,2 -0,0665156080291975
-0,9 0,3 -0,0941163755918389
-0,9 0,4 -0,115636197551929
-0,9 0,5 -0,130110414408845
-0,9 0,6 -0,137275187546969
-0,9 0,7 -0,137528549960145
-0,9 0,8 -0,131810751924998
-0,9 0,9 -0,121430849026225
-0,9 1 -0,107872111393019
-0,9 1,1 -0,0926076699183982
-0,9 1,2 -0,0769510565486976
-0,9 1,3 -0,0619562019126609
-0,9 1,4 -0,0483706369299124
-0,9 1,5 -0,0366363882787598
-0,9 1,6 -0,0269268419221998
-0,9 1,7 -0,0192051792733305
-0,9 1,8 -0,0132905026531029
-0,9 1,9 -0,00892052298212594
-0,9 2 -0,00580353422937155

-0,8 -2 0,00629962004490904
-0,8 -1,9 0,00968304884028534
-0,8 -1,8 0,0144265741548785
-0,8 -1,7 0,0208468370366528
-0,8 -1,6 0,0292285470223815
-0,8 -1,5 0,0397680649156675
-0,8 -1,4 0,0525053565543786
-0,8 -1,3 0,0672522149520768
-0,8 -1,2 0,0835288290121103
-0,8 -1,1 0,100523768909249
-0,8 -1 0,117093014077339
-0,8 -0,9 0,131810751924998
-0,8 -0,8 0,143077928404184
-0,8 -0,7 0,149284483529275
-0,8 -0,6 0,149009463709698
-0,8 -0,5 0,141232246122229
-0,8 -0,4 0,125520773932625
-0,8 -0,3 0,102161438668165
-0,8 -0,2 0,0722013588753179
-0,8 -0,1 0,0373868875161379
-0,8 0 0
-0,8 0,1 -0,0373868875161379
-0,8 0,2 -0,0722013588753179
-0,8 0,3 -0,102161438668165
-0,8 0,4 -0,125520773932625
-0,8 0,5 -0,141232246122229
-0,8 0,6 -0,149009463709698
-0,8 0,7 -0,149284483529275
-0,8 0,8 -0,143077928404184
-0,8 0,9 -0,131810751924998
-0,8 1 -0,117093014077339
-0,8 1,1 -0,100523768909249
-0,8 1,2 -0,0835288290121103
-0,8 1,3 -0,0672522149520768
-0,8 1,4 -0,0525053565543786
-0,8 1,5 -0,0397680649156675
-0,8 1,6 -0,0292285470223815
-0,8 1,7 -0,0208468370366528
-0,8 1,8 -0,0144265741548785
-0,8 1,9 -0,00968304884028534
-0,8 2 -0,00629962004490904

-0,7 -2 0,00657289027961225
-0,7 -1,9 0,0101030883046282
-0,7 -1,8 0,0150523822634886
-0,7 -1,7 0,0217511487267568
-0,7 -1,6 0,0304964476017656
-0,7 -1,5 0,0414931575967696
-0,7 -1,4 0,0547829782214799
-0,7 -1,3 0,0701695382879686
-0,7 -1,2 0,0871522130489098
-0,7 -1,1 0,104884373791329
-0,7 -1 0,12217237365949
-0,7 -0,9 0,137528549960145
-0,7 -0,8 0,149284483529275
-0,7 -0,7 0,155760271840439
-0,7 -0,6 0,155473321979032
-0,7 -0,5 0,14735873768368
-0,7 -0,4 0,130965719994159
-0,7 -0,3 0,106593083771115
-0,7 -0,2 0,0753333703530091
-0,7 -0,1 0,0390086874744726
-0,7 0 0
-0,7 0,1 -0,0390086874744726
-0,7 0,2 -0,0753333703530091
-0,7 0,3 -0,106593083771115
-0,7 0,4 -0,130965719994159
-0,7 0,5 -0,14735873768368
-0,7 0,6 -0,155473321979032
-0,7 0,7 -0,155760271840439
-0,7 0,8 -0,149284483529275
-0,7 0,9 -0,137528549960145
-0,7 1 -0,12217237365949
-0,7 1,1 -0,104884373791329
-0,7 1,2 -0,0871522130489098
-0,7 1,3 -0,0701695382879686
-0,7 1,4 -0,0547829782214799
-0,7 1,5 -0,0414931575967696
-0,7 1,6 -0,0304964476017656
-0,7 1,7 -0,0217511487267568
-0,7 1,8 -0,0150523822634886
-0,7 1,9 -0,0101030883046282
-0,7 2 -0,00657289027961225

-0,6 -2 0,0065607813513696
-0,6 -1,9 0,010084475857728
-0,6 -1,8 0,0150246519638858
-0,6 -1,7 0,0217110776031075
-0,6 -1,6 0,0304402654231567
-0,6 -1,5 0,0414167166938293
-0,6 -1,4 0,0546820541037808
-0,6 -1,3 0,0700402682305349
-0,6 -1,2 0,0869916566043163
-0,6 -1,1 0,104691150216617
-0,6 -1 0,121947301211458
-0,6 -0,9 0,137275187546969
-0,6 -0,8 0,149009463709698
-0,6 -0,7 0,155473321979032
-0,6 -0,6 0,155186900751931
-0,6 -0,5 0,147087265575576
-0,6 -0,4 0,130724447975581
-0,6 -0,3 0,106396712319951
-0,6 -0,2 0,0751945872093576
-0,6 -0,1 0,0389368235946
-0,6 0 0
-0,6 0,1 -0,0389368235946
-0,6 0,2 -0,0751945872093576
-0,6 0,3 -0,106396712319951
-0,6 0,4 -0,130724447975581
-0,6 0,5 -0,147087265575576
-0,6 0,6 -0,155186900751931
-0,6 0,7 -0,155473321979032
-0,6 0,8 -0,149009463709698
-0,6 0,9 -0,137275187546969
-0,6 1 -0,121947301211458
-0,6 1,1 -0,104691150216617
-0,6 1,2 -0,0869916566043163
-0,6 1,3 -0,0700402682305349
-0,6 1,4 -0,0546820541037808
-0,6 1,5 -0,0414167166938293
-0,6 1,6 -0,0304402654231567
-0,6 1,7 -0,0217110776031075
-0,6 1,8 -0,0150246519638858
-0,6 1,9 -0,010084475857728
-0,6 2 -0,0065607813513696

-0,5 -2 0,00621835595875952
-0,5 -1,9 0,00955813906643583
-0,5 -1,8 0,0142404736668161
-0,5 -1,7 0,0205779161892342
-0,5 -1,6 0,0288515034631954
-0,5 -1,5 0,0392550632694938
-0,5 -1,4 0,0518280458931115
-0,5 -1,3 0,066384672187489
-0,5 -1,2 0,0824513205420089
-0,5 -1,1 0,0992270284457793
-0,5 -1 0,115582533014091
-0,5 -0,9 0,130110414408845
-0,5 -0,8 0,141232246122229
-0,5 -0,7 0,14735873768368
-0,5 -0,6 0,147087265575576
-0,5 -0,5 0,139410372845087
-0,5 -0,4 0,123901576121692
-0,5 -0,3 0,100843572528
-0,5 -0,2 0,0712699729495113
-0,5 -0,1 0,0369046026757323
-0,5 0 0
-0,5 0,1 -0,0369046026757323
-0,5 0,2 -0,0712699729495113
-0,5 0,3 -0,100843572528
-0,5 0,4 -0,123901576121692
-0,5 0,5 -0,139410372845087
-0,5 0,6 -0,147087265575576
-0,5 0,7 -0,14735873768368
-0,5 0,8 -0,141232246122229
-0,5 0,9 -0,130110414408845
-0,5 1 -0,115582533014091
-0,5 1,1 -0,0992270284457793
-0,5 1,2 -0,0824513205420089
-0,5 1,3 -0,066384672187489
-0,5 1,4 -0,0518280458931115
-0,5 1,5 -0,0392550632694938
-0,5 1,6 -0,0288515034631954
-0,5 1,7 -0,0205779161892342
-0,5 1,8 -0,0142404736668161
-0,5 1,9 -0,00955813906643583
-0,5 2 -0,00621835595875952

-0,4 -2 0,00552659094479405
-0,4 -1,9 0,00849483772945424
-0,4 -1,8 0,0126562830012556
-0,4 -1,7 0,0182887126482286
-0,4 -1,6 0,0256418993767606
-0,4 -1,5 0,0348881084713235
-0,4 -1,4 0,0460624015445368
-0,4 -1,3 0,058999666570662
-0,4 -1,2 0,0732789702802219
-0,4 -1,1 0,0881884537527607
-0,4 -1 0,102724479680553
-0,4 -0,9 0,115636197551929
-0,4 -0,8 0,125520773932625
-0,4 -0,7 0,130965719994159
-0,4 -0,6 0,130724447975581
-0,4 -0,5 0,123901576121692
-0,4 -0,4 0,110118065479233
-0,4 -0,3 0,0896251643473154
-0,4 -0,2 0,06334149890272
-0,4 -0,1 0,0327991263802808
-0,4 0 0
-0,4 0,1 -0,0327991263802808
-0,4 0,2 -0,06334149890272
-0,4 0,3 -0,0896251643473154
-0,4 0,4 -0,110118065479233
-0,4 0,5 -0,123901576121692
-0,4 0,6 -0,130724447975581
-0,4 0,7 -0,130965719994159
-0,4 0,8 -0,125520773932625
-0,4 0,9 -0,115636197551929
-0,4 1 -0,102724479680553
-0,4 1,1 -0,0881884537527607
-0,4 1,2 -0,0732789702802219
-0,4 1,3 -0,058999666570662
-0,4 1,4 -0,0460624015445368
-0,4 1,5 -0,0348881084713235
-0,4 1,6 -0,0256418993767606
-0,4 1,7 -0,0182887126482286
-0,4 1,8 -0,0126562830012556
-0,4 1,9 -0,00849483772945424
-0,4 2 -0,00552659094479405

-0,3 -2 0,0044980959259674
-0,3 -1,9 0,00691395389387485
-0,3 -1,8 0,0103009568782116
-0,3 -1,7 0,0148851949919828
-0,3 -1,6 0,0208699584016293
-0,3 -1,5 0,0283954539330244
-0,3 -1,4 0,0374902182552386
-0,3 -1,3 0,0480198665842855
-0,3 -1,2 0,0596418010612937
-0,3 -1,1 0,0717766392528697
-0,3 -1 0,0836075201084812
-0,3 -0,9 0,0941163755918389
-0,3 -0,8 0,102161438668165
-0,3 -0,7 0,106593083771115
-0,3 -0,6 0,106396712319951
-0,3 -0,5 0,100843572528
-0,3 -0,4 0,0896251643473154
-0,3 -0,3 0,0729459789302066
-0,3 -0,2 0,0515536867130323
-0,3 -0,1 0,0266952300650015
-0,3 0 0
-0,3 0,1 -0,0266952300650015
-0,3 0,2 -0,0515536867130323
-0,3 0,3 -0,0729459789302066
-0,3 0,4 -0,0896251643473154
-0,3 0,5 -0,100843572528
-0,3 0,6 -0,106396712319951
-0,3 0,7 -0,106593083771115
-0,3 0,8 -0,102161438668165
-0,3 0,9 -0,0941163755918389
-0,3 1 -0,0836075201084812
-0,3 1,1 -0,0717766392528697
-0,3 1,2 -0,0596418010612937
-0,3 1,3 -0,0480198665842855
-0,3 1,4 -0,0374902182552386
-0,3 1,5 -0,0283954539330244
-0,3 1,6 -0,0208699584016293
-0,3 1,7 -0,0148851949919828
-0,3 1,8 -0,0103009568782116
-0,3 1,9 -0,00691395389387485
-0,3 2 -0,0044980959259674

-0,2 -2 0,00317897479166552
-0,2 -1,9 0,00488635313721963
-0,2 -1,8 0,00728007645564505
-0,2 -1,7 0,0105199311947448
-0,2 -1,6 0,0147495902163577
-0,2 -1,5 0,0200681429957654
-0,2 -1,4 0,0264957574780512
-0,2 -1,3 0,0339374588454898
-0,2 -1,2 0,0421511202126275
-0,2 -1,1 0,0507272700651147
-0,2 -1 0,0590886017535001
-0,2 -0,9 0,0665156080291975
-0,2 -0,8 0,0722013588753179
-0,2 -0,7 0,0753333703530091
-0,2 -0,6 0,0751945872093576
-0,2 -0,5 0,0712699729495113
-0,2 -0,4 0,06334149890272
-0,2 -0,3 0,0515536867130323
-0,2 -0,2 0,0364349434017247
-0,2 -0,1 0,0188665303788735
-0,2 0 0
-0,2 0,1 -0,0188665303788735
-0,2 0,2 -0,0364349434017247
-0,2 0,3 -0,0515536867130323
-0,2 0,4 -0,06334149890272
-0,2 0,5 -0,0712699729495113
-0,2 0,6 -0,0751945872093576
-0,2 0,7 -0,0753333703530091
-0,2 0,8 -0,0722013588753179
-0,2 0,9 -0,0665156080291975
-0,2 1 -0,0590886017535001
-0,2 1,1 -0,0507272700651147
-0,2 1,2 -0,0421511202126275
-0,2 1,3 -0,0339374588454898
-0,2 1,4 -0,0264957574780512
-0,2 1,5 -0,0200681429957654
-0,2 1,6 -0,0147495902163577
-0,2 1,7 -0,0105199311947448
-0,2 1,8 -0,00728007645564505
-0,2 1,9 -0,00488635313721963
-0,2 2 -0,00317897479166552

-0,1 -2 0,00164611822829925
-0,1 -1,9 0,0025302229480311
-0,1 -1,8 0,00376972682780254
-0,1 -1,7 0,00544736955622431
-0,1 -1,6 0,00763754697858745
-0,1 -1,5 0,0103915690303848
-0,1 -1,4 0,0137198789595829
-0,1 -1,3 0,0175732974587218
-0,1 -1,2 0,0218264477929021
-0,1 -1,1 0,0262672998052607
-0,1 -1 0,0305969159259019
-0,1 -0,9 0,0344427250981456
-0,1 -0,8 0,0373868875161379
-0,1 -0,7 0,0390086874744726
-0,1 -0,6 0,0389368235946
-0,1 -0,5 0,0369046026757323
-0,1 -0,4 0,0327991263802808
-0,1 -0,3 0,0266952300650015
-0,1 -0,2 0,0188665303788735
-0,1 -0,1 0,00976935697723923
-0,1 0 0
-0,1 0,1 -0,00976935697723923
-0,1 0,2 -0,0188665303788735
-0,1 0,3 -0,0266952300650015
-0,1 0,4 -0,0327991263802808
-0,1 0,5 -0,0369046026757323
-0,1 0,6 -0,0389368235946
-0,1 0,7 -0,0390086874744726
-0,1 0,8 -0,0373868875161379
-0,1 0,9 -0,0344427250981456
-0,1 1 -0,0305969159259019
-0,1 1,1 -0,0262672998052607
-0,1 1,2 -0,0218264477929021
-0,1 1,3 -0,0175732974587218
-0,1 1,4 -0,0137198789595829
-0,1 1,5 -0,0103915690303848
-0,1 1,6 -0,00763754697858745
-0,1 1,7 -0,00544736955622431
-0,1 1,8 -0,00376972682780254
-0,1 1,9 -0,0025302229480311
-0,1 2 -0,00164611822829925

0 -2 0
0 -1,9 0
0 -1,8 0
0 -1,7 0
0 -1,6 0
0 -1,5 0
0 -1,4 0
0 -1,3 0
0 -1,2 0
0 -1,1 0
0 -1 0
0 -0,9 0
0 -0,8 0
0 -0,7 0
0 -0,6 0
0 -0,5 0
0 -0,4 0
0 -0,3 0
0 -0,2 0
0 -0,1 0
0 0 0
0 0,1 0
0 0,2 0
0 0,3 0
0 0,4 0
0 0,5 0
0 0,6 0
0 0,7 0
0 0,8 0
0 0,9 0
0 1 0
0 1,1 0
0 1,2 0
0 1,3 0
0 1,4 0
0 1,5 0
0 1,6 0
0 1,7 0
0 1,8 0
0 1,9 0
0 2 0

0,1 -2 -0,00164611822829925
0,1 -1,9 -0,0025302229480311
0,1 -1,8 -0,00376972682780254
0,1 -1,7 -0,00544736955622431
0,1 -1,6 -0,00763754697858745
0,1 -1,5 -0,0103915690303848
0,1 -1,4 -0,0137198789595829
0,1 -1,3 -0,0175732974587218
0,1 -1,2 -0,0218264477929021
0,1 -1,1 -0,0262672998052607
0,1 -1 -0,0305969159259019
0,1 -0,9 -0,0344427250981456
0,1 -0,8 -0,0373868875161379
0,1 -0,7 -0,0390086874744726
0,1 -0,6 -0,0389368235946
0,1 -0,5 -0,0369046026757323
0,1 -0,4 -0,0327991263802808
0,1 -0,3 -0,0266952300650015
0,1 -0,2 -0,0188665303788735
0,1 -0,1 -0,00976935697723923
0,1 0 0
0,1 0,1 0,00976935697723923
0,1 0,2 0,0188665303788735
0,1 0,3 0,0266952300650015
0,1 0,4 0,0327991263802808
0,1 0,5 0,0369046026757323
0,1 0,6 0,0389368235946
0,1 0,7 0,0390086874744726
0,1 0,8 0,0373868875161379
0,1 0,9 0,0344427250981456
0,1 1 0,0305969159259019
0,1 1,1 0,0262672998052607
0,1 1,2 0,0218264477929021
0,1 1,3 0,0175732974587218
0,1 1,4 0,0137198789595829
0,1 1,5 0,0103915690303848
0,1 1,6 0,00763754697858745
0,1 1,7 0,00544736955622431
0,1 1,8 0,00376972682780254
0,1 1,9 0,0025302229480311
0,1 2 0,00164611822829925

0,2 -2 -0,00317897479166552
0,2 -1,9 -0,00488635313721963
0,2 -1,8 -0,00728007645564505
0,2 -1,7 -0,0105199311947448
0,2 -1,6 -0,0147495902163577
0,2 -1,5 -0,0200681429957654
0,2 -1,4 -0,0264957574780512
0,2 -1,3 -0,0339374588454898
0,2 -1,2 -0,0421511202126275
0,2 -1,1 -0,0507272700651147
0,2 -1 -0,0590886017535001
0,2 -0,9 -0,0665156080291975
0,2 -0,8 -0,0722013588753179
0,2 -0,7 -0,0753333703530091
0,2 -0,6 -0,0751945872093576
0,2 -0,5 -0,0712699729495113
0,2 -0,4 -0,06334149890272
0,2 -0,3 -0,0515536867130323
0,2 -0,2 -0,0364349434017247
0,2 -0,1 -0,0188665303788735
0,2 0 0
0,2 0,1 0,0188665303788735
0,2 0,2 0,0364349434017247
0,2 0,3 0,0515536867130323
0,2 0,4 0,06334149890272
0,2 0,5 0,0712699729495113
0,2 0,6 0,0751945872093576
0,2 0,7 0,0753333703530091
0,2 0,8 0,0722013588753179
0,2 0,9 0,0665156080291975
0,2 1 0,0590886017535001
0,2 1,1 0,0507272700651147
0,2 1,2 0,0421511202126275
0,2 1,3 0,0339374588454898
0,2 1,4 0,0264957574780512
0,2 1,5 0,0200681429957654
0,2 1,6 0,0147495902163577
0,2 1,7 0,0105199311947448
0,2 1,8 0,00728007645564505
0,2 1,9 0,00488635313721963
0,2 2 0,00317897479166552

0,3 -2 -0,0044980959259674
0,3 -1,9 -0,00691395389387485
0,3 -1,8 -0,0103009568782116
0,3 -1,7 -0,0148851949919828
0,3 -1,6 -0,0208699584016293
0,3 -1,5 -0,0283954539330244
0,3 -1,4 -0,0374902182552386
0,3 -1,3 -0,0480198665842855
0,3 -1,2 -0,0596418010612937
0,3 -1,1 -0,0717766392528697
0,3 -1 -0,0836075201084812
0,3 -0,9 -0,0941163755918389
0,3 -0,8 -0,102161438668165
0,3 -0,7 -0,106593083771115
0,3 -0,6 -0,106396712319951
0,3 -0,5 -0,100843572528
0,3 -0,4 -0,0896251643473154
0,3 -0,3 -0,0729459789302066
0,3 -0,2 -0,0515536867130323
0,3 -0,1 -0,0266952300650015
0,3 0 0
0,3 0,1 0,0266952300650015
0,3 0,2 0,0515536867130323
0,3 0,3 0,0729459789302066
0,3 0,4 0,0896251643473154
0,3 0,5 0,100843572528
0,3 0,6 0,106396712319951
0,3 0,7 0,106593083771115
0,3 0,8 0,102161438668165
0,3 0,9 0,0941163755918389
0,3 1 0,0836075201084812
0,3 1,1 0,0717766392528697
0,3 1,2 0,0596418010612937
0,3 1,3 0,0480198665842855
0,3 1,4 0,0374902182552386
0,3 1,5 0,0283954539330244
0,3 1,6 0,0208699584016293
0,3 1,7 0,0148851949919828
0,3 1,8 0,0103009568782116
0,3 1,9 0,00691395389387485
0,3 2 0,0044980959259674

0,4 -2 -0,00552659094479405
0,4 -1,9 -0,00849483772945424
0,4 -1,8 -0,0126562830012556
0,4 -1,7 -0,0182887126482286
0,4 -1,6 -0,0256418993767606
0,4 -1,5 -0,0348881084713235
0,4 -1,4 -0,0460624015445368
0,4 -1,3 -0,058999666570662
0,4 -1,2 -0,0732789702802219
0,4 -1,1 -0,0881884537527607
0,4 -1 -0,102724479680553
0,4 -0,9 -0,115636197551929
0,4 -0,8 -0,125520773932625
0,4 -0,7 -0,130965719994159
0,4 -0,6 -0,130724447975581
0,4 -0,5 -0,123901576121692
0,4 -0,4 -0,110118065479233
0,4 -0,3 -0,0896251643473154
0,4 -0,2 -0,06334149890272
0,4 -0,1 -0,0327991263802808
0,4 0 0
0,4 0,1 0,0327991263802808
0,4 0,2 0,06334149890272
0,4 0,3 0,0896251643473154
0,4 0,4 0,110118065479233
0,4 0,5 0,123901576121692
0,4 0,6 0,130724447975581
0,4 0,7 0,130965719994159
0,4 0,8 0,125520773932625
0,4 0,9 0,115636197551929
0,4 1 0,102724479680553
0,4 1,1 0,0881884537527607
0,4 1,2 0,0732789702802219
0,4 1,3 0,058999666570662
0,4 1,4 0,0460624015445368
0,4 1,5 0,0348881084713235
0,4 1,6 0,0256418993767606
0,4 1,7 0,0182887126482286
0,4 1,8 0,0126562830012556
0,4 1,9 0,00849483772945424
0,4 2 0,00552659094479405

0,5 -2 -0,00621835595875952
0,5 -1,9 -0,00955813906643583
0,5 -1,8 -0,0142404736668161
0,5 -1,7 -0,0205779161892342
0,5 -1,6 -0,0288515034631954
0,5 -1,5 -0,0392550632694938
0,5 -1,4 -0,0518280458931115
0,5 -1,3 -0,066384672187489
0,5 -1,2 -0,0824513205420089
0,5 -1,1 -0,0992270284457793
0,5 -1 -0,115582533014091
0,5 -0,9 -0,130110414408845
0,5 -0,8 -0,141232246122229
0,5 -0,7 -0,14735873768368
0,5 -0,6 -0,147087265575576
0,5 -0,5 -0,139410372845087
0,5 -0,4 -0,123901576121692
0,5 -0,3 -0,100843572528
0,5 -0,2 -0,0712699729495113
0,5 -0,1 -0,0369046026757323
0,5 0 0
0,5 0,1 0,0369046026757323
0,5 0,2 0,0712699729495113
0,5 0,3 0,100843572528
0,5 0,4 0,123901576121692
0,5 0,5 0,139410372845087
0,5 0,6 0,147087265575576
0,5 0,7 0,14735873768368
0,5 0,8 0,141232246122229
0,5 0,9 0,130110414408845
0,5 1 0,115582533014091
0,5 1,1 0,0992270284457793
0,5 1,2 0,0824513205420089
0,5 1,3 0,066384672187489
0,5 1,4 0,0518280458931115
0,5 1,5 0,0392550632694938
0,5 1,6 0,0288515034631954
0,5 1,7 0,0205779161892342
0,5 1,8 0,0142404736668161
0,5 1,9 0,00955813906643583
0,5 2 0,00621835595875952

0,6 -2 -0,0065607813513696
0,6 -1,9 -0,010084475857728
0,6 -1,8 -0,0150246519638858
0,6 -1,7 -0,0217110776031075
0,6 -1,6 -0,0304402654231567
0,6 -1,5 -0,0414167166938293
0,6 -1,4 -0,0546820541037808
0,6 -1,3 -0,0700402682305349
0,6 -1,2 -0,0869916566043163
0,6 -1,1 -0,104691150216617
0,6 -1 -0,121947301211458
0,6 -0,9 -0,137275187546969
0,6 -0,8 -0,149009463709698
0,6 -0,7 -0,155473321979032
0,6 -0,6 -0,155186900751931
0,6 -0,5 -0,147087265575576
0,6 -0,4 -0,130724447975581
0,6 -0,3 -0,106396712319951
0,6 -0,2 -0,0751945872093576
0,6 -0,1 -0,0389368235946
0,6 0 0
0,6 0,1 0,0389368235946
0,6 0,2 0,0751945872093576
0,6 0,3 0,106396712319951
0,6 0,4 0,130724447975581
0,6 0,5 0,147087265575576
0,6 0,6 0,155186900751931
0,6 0,7 0,155473321979032
0,6 0,8 0,149009463709698
0,6 0,9 0,137275187546969
0,6 1 0,121947301211458
0,6 1,1 0,104691150216617
0,6 1,2 0,0869916566043163
0,6 1,3 0,0700402682305349
0,6 1,4 0,0546820541037808
0,6 1,5 0,0414167166938293
0,6 1,6 0,0304402654231567
0,6 1,7 0,0217110776031075
0,6 1,8 0,0150246519638858
0,6 1,9 0,010084475857728
0,6 2 0,0065607813513696

0,7 -2 -0,00657289027961225
0,7 -1,9 -0,0101030883046282
0,7 -1,8 -0,0150523822634886
0,7 -1,7 -0,0217511487267568
0,7 -1,6 -0,0304964476017656
0,7 -1,5 -0,0414931575967696
0,7 -1,4 -0,0547829782214799
0,7 -1,3 -0,0701695382879686
0,7 -1,2 -0,0871522130489098
0,7 -1,1 -0,104884373791329
0,7 -1 -0,12217237365949
0,7 -0,9 -0,137528549960145
0,7 -0,8 -0,149284483529275
0,7 -0,7 -0,155760271840439
0,7 -0,6 -0,155473321979032
0,7 -0,5 -0,14735873768368
0,7 -0,4 -0,130965719994159
0,7 -0,3 -0,106593083771115
0,7 -0,2 -0,0753333703530091
0,7 -0,1 -0,0390086874744726
0,7 0 0
0,7 0,1 0,0390086874744726
0,7 0,2 0,0753333703530091
0,7 0,3 0,106593083771115
0,7 0,4 0,130965719994159
0,7 0,5 0,14735873768368
0,7 0,6 0,155473321979032
0,7 0,7 0,155760271840439
0,7 0,8 0,149284483529275
0,7 0,9 0,137528549960145
0,7 1 0,12217237365949
0,7 1,1 0,104884373791329
0,7 1,2 0,0871522130489098
0,7 1,3 0,0701695382879686
0,7 1,4 0,0547829782214799
0,7 1,5 0,0414931575967696
0,7 1,6 0,0304964476017656
0,7 1,7 0,0217511487267568
0,7 1,8 0,0150523822634886
0,7 1,9 0,0101030883046282
0,7 2 0,00657289027961225

0,8 -2 -0,00629962004490904
0,8 -1,9 -0,00968304884028534
0,8 -1,8 -0,0144265741548785
0,8 -1,7 -0,0208468370366528
0,8 -1,6 -0,0292285470223815
0,8 -1,5 -0,0397680649156675
0,8 -1,4 -0,0525053565543786
0,8 -1,3 -0,0672522149520768
0,8 -1,2 -0,0835288290121103
0,8 -1,1 -0,100523768909249
0,8 -1 -0,117093014077339
0,8 -0,9 -0,131810751924998
0,8 -0,8 -0,143077928404184
0,8 -0,7 -0,149284483529275
0,8 -0,6 -0,149009463709698
0,8 -0,5 -0,141232246122229
0,8 -0,4 -0,125520773932625
0,8 -0,3 -0,102161438668165
0,8 -0,2 -0,0722013588753179
0,8 -0,1 -0,0373868875161379
0,8 0 0
0,8 0,1 0,0373868875161379
0,8 0,2 0,0722013588753179
0,8 0,3 0,102161438668165
0,8 0,4 0,125520773932625
0,8 0,5 0,141232246122229
0,8 0,6 0,149009463709698
0,8 0,7 0,149284483529275
0,8 0,8 0,143077928404184
0,8 0,9 0,131810751924998
0,8 1 0,117093014077339
0,8 1,1 0,100523768909249
0,8 1,2 0,0835288290121103
0,8 1,3 0,0672522149520768
0,8 1,4 0,0525053565543786
0,8 1,5 0,0397680649156675
0,8 1,6 0,0292285470223815
0,8 1,7 0,0208468370366528
0,8 1,8 0,0144265741548785
0,8 1,9 0,00968304884028534
0,8 2 0,00629962004490904

0,9 -2 -0,00580353422937155
0,9 -1,9 -0,00892052298212594
0,9 -1,8 -0,0132905026531029
0,9 -1,7 -0,0192051792733305
0,9 -1,6 -0,0269268419221998
0,9 -1,5 -0,0366363882787598
0,9 -1,4 -0,0483706369299124
0,9 -1,3 -0,0619562019126609
0,9 -1,2 -0,0769510565486976
0,9 -1,1 -0,0926076699183982
0,9 -1 -0,107872111393019
0,9 -0,9 -0,121430849026225
0,9 -0,8 -0,131810751924998
0,9 -0,7 -0,137528549960145
0,9 -0,6 -0,137275187546969
0,9 -0,5 -0,130110414408845
0,9 -0,4 -0,115636197551929
0,9 -0,3 -0,0941163755918389
0,9 -0,2 -0,0665156080291975
0,9 -0,1 -0,0344427250981456
0,9 0 0
0,9 0,1 0,0344427250981456
0,9 0,2 0,0665156080291975
0,9 0,3 0,0941163755918389
0,9 0,4 0,115636197551929
0,9 0,5 0,130110414408845
0,9 0,6 0,137275187546969
0,9 0,7 0,137528549960145
0,9 0,8 0,131810751924998
0,9 0,9 0,121430849026225
0,9 1 0,107872111393019
0,9 1,1 0,0926076699183982
0,9 1,2 0,0769510565486976
0,9 1,3 0,0619562019126609
0,9 1,4 0,0483706369299124
0,9 1,5 0,0366363882787598
0,9 1,6 0,0269268419221998
0,9 1,7 0,0192051792733305
0,9 1,8 0,0132905026531029
0,9 1,9 0,00892052298212594
0,9 2 0,00580353422937155

1 -2 -0,00515552263600464
1 -1,9 -0,00792447435333382
1 -1,8 -0,011806510406224
1 -1,7 -0,0170607654851214
1 -1,6 -0,0239202419697028
1 -1,5 -0,0325456388482531
1 -1,4 -0,0429696636142922
1 -1,3 -0,0550382902516604
1 -1,2 -0,068358847940188
1 -1,1 -0,082267273640884
1 -1 -0,0958273166143703
1 -0,9 -0,107872111393019
1 -0,8 -0,117093014077339
1 -0,7 -0,12217237365949
1 -0,6 -0,121947301211458
1 -0,5 -0,115582533014091
1 -0,4 -0,102724479680553
1 -0,3 -0,0836075201084812
1 -0,2 -0,0590886017535001
1 -0,1 -0,0305969159259019
1 0 0
1 0,1 0,0305969159259019
1 0,2 0,0590886017535001
1 0,3 0,0836075201084812
1 0,4 0,102724479680553
1 0,5 0,115582533014091
1 0,6 0,121947301211458
1 0,7 0,12217237365949
1 0,8 0,117093014077339
1 0,9 0,107872111393019
1 1 0,0958273166143703
1 1,1 0,082267273640884
1 1,2 0,068358847940188
1 1,3 0,0550382902516604
1 1,4 0,0429696636142922
1 1,5 0,0325456388482531
1 1,6 0,0239202419697028
1 1,7 0,0170607654851214
1 1,8 0,011806510406224
1 1,9 0,00792447435333382
1 2 0,00515552263600464

1,1 -2 -0,00442599048416185
1,1 -1,9 -0,00680312173103386
1,1 -1,8 -0,0101358303315687
1,1 -1,7 -0,0146465821258003
1,1 -1,6 -0,0205354084952287
1,1 -1,5 -0,0279402687202568
1,1 -1,4 -0,0368892420210337
1,1 -1,3 -0,0472500978304632
1,1 -1,2 -0,0586857302067845
1,1 -1,1 -0,070626044341194
1,1 -1 -0,082267273640884
1,1 -0,9 -0,0926076699183982
1,1 -0,8 -0,100523768909249
1,1 -0,7 -0,104884373791329
1,1 -0,6 -0,104691150216617
1,1 -0,5 -0,0992270284457793
1,1 -0,4 -0,0881884537527607
1,1 -0,3 -0,0717766392528697
1,1 -0,2 -0,0507272700651147
1,1 -0,1 -0,0262672998052607
1,1 0 0
1,1 0,1 0,0262672998052607
1,1 0,2 0,0507272700651147
1,1 0,3 0,0717766392528697
1,1 0,4 0,0881884537527607
1,1 0,5 0,0992270284457793
1,1 0,6 0,104691150216617
1,1 0,7 0,104884373791329
1,1 0,8 0,100523768909249
1,1 0,9 0,0926076699183982
1,1 1 0,082267273640884
1,1 1,1 0,070626044341194
1,1 1,2 0,0586857302067845
1,1 1,3 0,0472500978304632
1,1 1,4 0,0368892420210337
1,1 1,5 0,0279402687202568
1,1 1,6 0,0205354084952287
1,1 1,7 0,0146465821258003
1,1 1,8 0,0101358303315687
1,1 1,9 0,00680312173103386
1,1 2 0,00442599048416185

1,2 -2 -0,00367771529432547
1,2 -1,9 -0,00565295947402364
1,2 -1,8 -0,00842222737814072
1,2 -1,7 -0,0121703739053227
1,2 -1,6 -0,0170636123526202
1,2 -1,5 -0,0232165780671603
1,2 -1,4 -0,0306526030867689
1,2 -1,3 -0,039261812259042
1,2 -1,2 -0,048764092085711
1,2 -1,1 -0,0586857302067845
1,2 -1 -0,068358847940188
1,2 -0,9 -0,0769510565486976
1,2 -0,8 -0,0835288290121103
1,2 -0,7 -0,0871522130489098
1,2 -0,6 -0,0869916566043163
1,2 -0,5 -0,0824513205420089
1,2 -0,4 -0,0732789702802219
1,2 -0,3 -0,0596418010612937
1,2 -0,2 -0,0421511202126275
1,2 -0,1 -0,0218264477929021
1,2 0 0
1,2 0,1 0,0218264477929021
1,2 0,2 0,0421511202126275
1,2 0,3 0,0596418010612937
1,2 0,4 0,0732789702802219
1,2 0,5 0,0824513205420089
1,2 0,6 0,0869916566043163
1,2 0,7 0,0871522130489098
1,2 0,8 0,0835288290121103
1,2 0,9 0,0769510565486976
1,2 1 0,068358847940188
1,2 1,1 0,0586857302067845
1,2 1,2 0,048764092085711
1,2 1,3 0,039261812259042
1,2 1,4 0,0306526030867689
1,2 1,5 0,0232165780671603
1,2 1,6 0,0170636123526202
1,2 1,7 0,0121703739053227
1,2 1,8 0,00842222737814072
1,2 1,9 0,00565295947402364
1,2 2 0,00367771529432547

1,3 -2 -0,00296106748330755
1,3 -1,9 -0,00455141117334827
1,3 -1,8 -0,00678105335258398
1,3 -1,7 -0,00979882768150902
1,3 -1,6 -0,0137385587631182
1,3 -1,5 -0,0186925438449276
1,3 -1,4 -0,0246795684317948
1,3 -1,3 -0,0316111678887579
1,3 -1,2 -0,039261812259042
1,3 -1,1 -0,0472500978304632
1,3 -1 -0,0550382902516604
1,3 -0,9 -0,0619562019126609
1,3 -0,8 -0,0672522149520768
1,3 -0,7 -0,0701695382879686
1,3 -0,6 -0,0700402682305349
1,3 -0,5 -0,066384672187489
1,3 -0,4 -0,058999666570662
1,3 -0,3 -0,0480198665842855
1,3 -0,2 -0,0339374588454898
1,3 -0,1 -0,0175732974587218
1,3 0 0
1,3 0,1 0,0175732974587218
1,3 0,2 0,0339374588454898
1,3 0,3 0,0480198665842855
1,3 0,4 0,058999666570662
1,3 0,5 0,066384672187489
1,3 0,6 0,0700402682305349
1,3 0,7 0,0701695382879686
1,3 0,8 0,0672522149520768
1,3 0,9 0,0619562019126609
1,3 1 0,0550382902516604
1,3 1,1 0,0472500978304632
1,3 1,2 0,039261812259042
1,3 1,3 0,0316111678887579
1,3 1,4 0,0246795684317948
1,3 1,5 0,0186925438449276
1,3 1,6 0,0137385587631182
1,3 1,7 0,00979882768150902
1,3 1,8 0,00678105335258398
1,3 1,9 0,00455141117334827
1,3 2 0,00296106748330755

1,4 -2 -0,00231177373270794
1,4 -1,9 -0,00355339176044274
1,4 -1,8 -0,00529412487522377
1,4 -1,7 -0,00765017095123436
1,4 -1,6 -0,010726009945023
1,4 -1,5 -0,0145937004481659
1,4 -1,4 -0,0192679087379198
1,4 -1,3 -0,0246795684317948
1,4 -1,2 -0,0306526030867689
1,4 -1,1 -0,0368892420210337
1,4 -1 -0,0429696636142922
1,4 -0,9 -0,0483706369299124
1,4 -0,8 -0,0525053565543786
1,4 -0,7 -0,0547829782214799
1,4 -0,6 -0,0546820541037808
1,4 -0,5 -0,0518280458931115
1,4 -0,4 -0,0460624015445368
1,4 -0,3 -0,0374902182552386
1,4 -0,2 -0,0264957574780512
1,4 -0,1 -0,0137198789595829
1,4 0 0
1,4 0,1 0,0137198789595829
1,4 0,2 0,0264957574780512
1,4 0,3 0,0374902182552386
1,4 0,4 0,0460624015445368
1,4 0,5 0,0518280458931115
1,4 0,6 0,0546820541037808
1,4 0,7 0,0547829782214799
1,4 0,8 0,0525053565543786
1,4 0,9 0,0483706369299124
1,4 1 0,0429696636142922
1,4 1,1 0,0368892420210337
1,4 1,2 0,0306526030867689
1,4 1,3 0,0246795684317948
1,4 1,4 0,0192679087379198
1,4 1,5 0,0145937004481659
1,4 1,6 0,010726009945023
1,4 1,7 0,00765017095123436
1,4 1,8 0,00529412487522377
1,4 1,9 0,00355339176044274
1,4 2 0,00231177373270794

1,5 -2 -0,0017509597859306
1,5 -1,9 -0,00269137328976581
1,5 -1,8 -0,00400982138825209
1,5 -1,7 -0,00579431347522715
1,5 -1,6 -0,00812398368036982
1,5 -1,5 -0,0110534098779312
1,5 -1,4 -0,0145937004481659
1,5 -1,3 -0,0186925438449276
1,5 -1,2 -0,0232165780671603
1,5 -1,1 -0,0279402687202568
1,5 -1 -0,0325456388482531
1,5 -0,9 -0,0366363882787598
1,5 -0,8 -0,0397680649156675
1,5 -0,7 -0,0414931575967696
1,5 -0,6 -0,0414167166938293
1,5 -0,5 -0,0392550632694938
1,5 -0,4 -0,0348881084713235
1,5 -0,3 -0,0283954539330244
1,5 -0,2 -0,0200681429957654
1,5 -0,1 -0,0103915690303848
1,5 0 0
1,5 0,1 0,0103915690303848
1,5 0,2 0,0200681429957654
1,5 0,3 0,0283954539330244
1,5 0,4 0,0348881084713235
1,5 0,5 0,0392550632694938
1,5 0,6 0,0414167166938293
1,5 0,7 0,0414931575967696
1,5 0,8 0,0397680649156675
1,5 0,9 0,0366363882787598
1,5 1 0,0325456388482531
1,5 1,1 0,0279402687202568
1,5 1,2 0,0232165780671603
1,5 1,3 0,0186925438449276
1,5 1,4 0,0145937004481659
1,5 1,5 0,0110534098779312
1,5 1,6 0,00812398368036982
1,5 1,7 0,00579431347522715
1,5 1,8 0,00400982138825209
1,5 1,9 0,00269137328976581
1,5 2 0,0017509597859306

1,6 -2 -0,00128691226354362
1,6 -1,9 -0,00197809299802541
1,6 -1,8 -0,0029471198371461
1,6 -1,7 -0,0042586775150423
1,6 -1,6 -0,0059709276655601
1,6 -1,5 -0,00812398368036982
1,6 -1,4 -0,010726009945023
1,6 -1,3 -0,0137385587631182
1,6 -1,2 -0,0170636123526202
1,6 -1,1 -0,0205354084952287
1,6 -1 -0,0239202419697028
1,6 -0,9 -0,0269268419221998
1,6 -0,8 -0,0292285470223815
1,6 -0,7 -0,0304964476017656
1,6 -0,6 -0,0304402654231567
1,6 -0,5 -0,0288515034631954
1,6 -0,4 -0,0256418993767606
1,6 -0,3 -0,0208699584016293
1,6 -0,2 -0,0147495902163577
1,6 -0,1 -0,00763754697858745
1,6 0 0
1,6 0,1 0,00763754697858745
1,6 0,2 0,0147495902163577
1,6 0,3 0,0208699584016293
1,6 0,4 0,0256418993767606
1,6 0,5 0,0288515034631954
1,6 0,6 0,0304402654231567
1,6 0,7 0,0304964476017656
1,6 0,8 0,0292285470223815
1,6 0,9 0,0269268419221998
1,6 1 0,0239202419697028
1,6 1,1 0,0205354084952287
1,6 1,2 0,0170636123526202
1,6 1,3 0,0137385587631182
1,6 1,4 0,010726009945023
1,6 1,5 0,00812398368036982
1,6 1,6 0,0059709276655601
1,6 1,7 0,0042586775150423
1,6 1,8 0,0029471198371461
1,6 1,9 0,00197809299802541
1,6 2 0,00128691226354362

1,7 -2 -0,000917871497957821
1,7 -1,9 -0,00141084612730159
1,7 -1,8 -0,00210199045903396
1,7 -1,7 -0,00303743994115621
1,7 -1,6 -0,0042586775150423
1,7 -1,5 -0,00579431347522715
1,7 -1,4 -0,00765017095123436
1,7 -1,3 -0,00979882768150902
1,7 -1,2 -0,0121703739053227
1,7 -1,1 -0,0146465821258003
1,7 -1 -0,0170607654851214
1,7 -0,9 -0,0192051792733305
1,7 -0,8 -0,0208468370366528
1,7 -0,7 -0,0217511487267568
1,7 -0,6 -0,0217110776031075
1,7 -0,5 -0,0205779161892342
1,7 -0,4 -0,0182887126482286
1,7 -0,3 -0,0148851949919828
1,7 -0,2 -0,0105199311947448
1,7 -0,1 -0,00544736955622431
1,7 0 0
1,7 0,1 0,00544736955622431
1,7 0,2 0,0105199311947448
1,7 0,3 0,0148851949919828
1,7 0,4 0,0182887126482286
1,7 0,5 0,0205779161892342
1,7 0,6 0,0217110776031075
1,7 0,7 0,0217511487267568
1,7 0,8 0,0208468370366528
1,7 0,9 0,0192051792733305
1,7 1 0,0170607654851214
1,7 1,1 0,0146465821258003
1,7 1,2 0,0121703739053227
1,7 1,3 0,00979882768150902
1,7 1,4 0,00765017095123436
1,7 1,5 0,00579431347522715
1,7 1,6 0,0042586775150423
1,7 1,7 0,00303743994115621
1,7 1,8 0,00210199045903396
1,7 1,9 0,00141084612730159
1,7 2 0,000917871497957821

1,8 -2 -0,00063519186179929
1,8 -1,9 -0,000976343617060652
1,8 -1,8 -0,00145463415753593
1,8 -1,7 -0,00210199045903396
1,8 -1,6 -0,0029471198371461
1,8 -1,5 -0,00400982138825209
1,8 -1,4 -0,00529412487522377
1,8 -1,3 -0,00678105335258398
1,8 -1,2 -0,00842222737814072
1,8 -1,1 -0,0101358303315687
1,8 -1 -0,011806510406224
1,8 -0,9 -0,0132905026531029
1,8 -0,8 -0,0144265741548785
1,8 -0,7 -0,0150523822634886
1,8 -0,6 -0,0150246519638858
1,8 -0,5 -0,0142404736668161
1,8 -0,4 -0,0126562830012556
1,8 -0,3 -0,0103009568782116
1,8 -0,2 -0,00728007645564505
1,8 -0,1 -0,00376972682780254
1,8 0 0
1,8 0,1 0,00376972682780254
1,8 0,2 0,00728007645564505
1,8 0,3 0,0103009568782116
1,8 0,4 0,0126562830012556
1,8 0,5 0,0142404736668161
1,8 0,6 0,0150246519638858
1,8 0,7 0,0150523822634886
1,8 0,8 0,0144265741548785
1,8 0,9 0,0132905026531029
1,8 1 0,011806510406224
1,8 1,1 0,0101358303315687
1,8 1,2 0,00842222737814072
1,8 1,3 0,00678105335258398
1,8 1,4 0,00529412487522377
1,8 1,5 0,00400982138825209
1,8 1,6 0,0029471198371461
1,8 1,7 0,00210199045903396
1,8 1,8 0,00145463415753593
1,8 1,9 0,000976343617060652
1,8 2 0,00063519186179929

1,9 -2 -0,000426337795426949
1,9 -1,9 -0,000655317251857898
1,9 -1,8 -0,000976343617060652
1,9 -1,7 -0,00141084612730159
1,9 -1,6 -0,00197809299802541
1,9 -1,5 -0,00269137328976581
1,9 -1,4 -0,00355339176044274
1,9 -1,3 -0,00455141117334827
1,9 -1,2 -0,00565295947402364
1,9 -1,1 -0,00680312173103386
1,9 -1 -0,00792447435333382
1,9 -0,9 -0,00892052298212594
1,9 -0,8 -0,00968304884028534
1,9 -0,7 -0,0101030883046282
1,9 -0,6 -0,010084475857728
1,9 -0,5 -0,00955813906643583
1,9 -0,4 -0,00849483772945424
1,9 -0,3 -0,00691395389387485
1,9 -0,2 -0,00488635313721963
1,9 -0,1 -0,0025302229480311
1,9 0 0
1,9 0,1 0,0025302229480311
1,9 0,2 0,00488635313721963
1,9 0,3 0,00691395389387485
1,9 0,4 0,00849483772945424
1,9 0,5 0,00955813906643583
1,9 0,6 0,010084475857728
1,9 0,7 0,0101030883046282
1,9 0,8 0,00968304884028534
1,9 0,9 0,00892052298212594
1,9 1 0,00792447435333382
1,9 1,1 0,00680312173103386
1,9 1,2 0,00565295947402364
1,9 1,3 0,00455141117334827
1,9 1,4 0,00355339176044274
1,9 1,5 0,00269137328976581
1,9 1,6 0,00197809299802541
1,9 1,7 0,00141084612730159
1,9 1,8 0,000976343617060652
1,9 1,9 0,000655317251857898
1,9 2 0,000426337795426949

2 -2 -0,000277367817334566
2 -1,9 -0,000426337795426949
2 -1,8 -0,00063519186179929
2 -1,7 -0,000917871497957821
2 -1,6 -0,00128691226354362
2 -1,5 -0,0017509597859306
2 -1,4 -0,00231177373270794
2 -1,3 -0,00296106748330755
2 -1,2 -0,00367771529432547
2 -1,1 -0,00442599048416185
2 -1 -0,00515552263600464
2 -0,9 -0,00580353422937155
2 -0,8 -0,00629962004490904
2 -0,7 -0,00657289027961225
2 -0,6 -0,0065607813513696
2 -0,5 -0,00621835595875952
2 -0,4 -0,00552659094479405
2 -0,3 -0,0044980959259674
2 -0,2 -0,00317897479166552
2 -0,1 -0,00164611822829925
2 0 0
2 0,1 0,00164611822829925
2 0,2 0,00317897479166552
2 0,3 0,0044980959259674
2 0,4 0,00552659094479405
2 0,5 0,00621835595875952
2 0,6 0,0065607813513696
2 0,7 0,00657289027961225
2 0,8 0,00629962004490904
2 0,9 0,00580353422937155
2 1 0,00515552263600464
2 1,1 0,00442599048416185
2 1,2 0,00367771529432547
2 1,3 0,00296106748330755
2 1,4 0,00231177373270794
2 1,5 0,0017509597859306
2 1,6 0,00128691226354362
2 1,7 0,000917871497957821
2 1,8 0,00063519186179929
2 1,9 0,000426337795426949
2 2 0,000277367817334566

